【标准化数据摘要】
样本年份：2016-2023
样本省份数：30
面板观测值：240

【低空经济标准化数据前10行】
  年份  省份  低空经济产业规模  航空运输业就业人员数  低空经济企业个数  低空交通起降基础设施数量  互联网宽带接入端口  民用通用机场数量  航空邮路总长度  民用机场旅客吞吐量    货邮吞吐量  移动电话基站密度  公共安全财政支出  科学研究和技术服务业城镇单位就业人员  规模以上工业企业R&D经费  高技术产业有效发明专利数  低空经济政策数量
2016  北京  0.007387    0.565037  0.333333      0.038462   0.150183  0.071429 0.163822   0.646441 0.416119  0.235047  0.217578            0.961648       0.072538      0.041810  0.142857
2016  天津  0.002001    0.064880  0.400000      0.000000   0.045603  0.000000 0.037287   0.092598 0.048568  0.125247  0.084855            0.144886       0.100350      0.018056  0.142857
2016  河北  0.001231    0.034570  0.633333      0.153846   0.353193  0.285714 0.013167   0.060157 0.008908  0.034729  0.201320            0.214489       0.088275      0.009106  0.142857
2016  山西  0.000308    0.043715  0.500000      0.230769   0.130337  0.357143 0.016058   0.689645 0.818876  0.026513  0.103967            0.083807       0.026567      0.000601  0.000000
2016 内蒙古  0.000462    0.032485  0.400000      0.692308   0.092618  0.928571 0.052490   0.223248 0.107317  0.001318  0.117613            0.065341       0.035444      0.000000  0.000000
2016  辽宁  0.001077    0.143925  0.366667      0.307692   0.293822  0.428571 0.065272   0.323764 0.156522  0.030301  0.172476            0.177557       0.068802      0.013108  0.000000
2016  吉林  0.000462    0.045339  0.300000      0.153846   0.128146  0.142857 0.027023   0.271610 0.104560  0.011752  0.105109            0.089489       0.024588      0.001685  0.000000
2016 黑龙江  0.002001    0.061968  0.166667      0.384615   0.168035  0.714286 0.027099   0.277941 0.094168  0.005113  0.108928            0.139205       0.023896      0.006050  0.142857
2016  上海  0.005848    0.624250  0.066667      0.038462   0.131600  0.071429 0.051738   0.781830 0.600424  0.405093  0.201759            0.311080       0.141323      0.047259  0.142857
2016  江苏  0.010465    0.116780  0.200000      0.307692   0.534353  0.571429 0.093660   0.221223 0.031813  0.093121  0.419506            0.291193       0.482700      0.164610  0.142857

【绿色交通标准化数据前10行】
  年份  省份    道路网密度  万人公交车标台数  公交站点500m覆盖率  新能源充电桩数量   人均道路面积  绿色交通出行分担率   私家车拥有量     城市化率     人口密度    人均GDP  全年空气质量优良天数  可吸入颗粒物年均浓度  二氧化碳年排放量  高峰期平均车速  高峰拥堵延时指数  建成区绿化覆盖率  环保财政支出占比  道路运输财政支出占比  新能源车辆占有率
2016  北京 0.717925  0.865055     0.550265  0.023435 0.366554   0.797571 0.856013 0.933848 0.339553 0.598079    0.323529    0.317248  0.699985 0.100000  0.257919  0.137675  0.422472    0.302019  0.070952
2016  天津 0.841509  0.709970     0.529101  0.003289 0.662162   0.388664 0.938684 0.855127 0.307443 0.367458    0.111765    0.110883  0.921047 0.248851  0.613122  0.049338  0.011236    0.137840  0.019319
2016  河北 0.319811  0.116818     0.243386  0.008223 0.196791   0.125506 0.593268 0.239471 0.097631 0.180739    0.070588    0.047228  0.759023 0.354598  0.716063  0.143660  0.555056    0.194030  0.003512
2016  山西 0.288679  0.078550     0.219577  0.004111 0.217061   0.161943 0.848075 0.265932 0.055184 0.159716    0.129412    0.047228  0.767016 0.286782  0.651584  0.066751  0.667416    0.372256  0.003864
2016 内蒙古 0.067925  0.154079     0.111111  0.002056 0.537162   0.028340 0.883395 0.375744 0.003191 0.262987    0.435294    0.301848  0.808715 0.375862  0.735294  0.107745  0.382022    0.444249  0.001054
2016  辽宁 0.325472  0.336354     0.439153  0.003700 0.387669   0.206478 0.817517 0.512018 0.072260 0.222218    0.488235    0.349076  0.488239 0.800000  0.611991  0.200254  0.080899    0.177349  0.001756
2016  吉林 0.226415  0.265861     0.285714  0.002467 0.378378   0.105263 0.908065 0.275634 0.032901 0.190655    0.552941    0.444559  0.839670 0.231609  0.595023  0.073281  0.584270    0.382792  0.004566
2016 黑龙江 0.093396  0.314199     0.264550  0.002878 0.295608   0.076923 0.896940 0.331863 0.016616 0.163677    0.500000    0.349076  0.723086 0.625862  0.622172  0.128424  0.397753    0.342406  0.002459
2016  上海 0.714151  0.505539     0.550265  0.024668 0.178209   0.708502 0.935542 0.958104 0.991143 0.579387    0.588235    0.523614  0.350857 0.147701  0.425339  0.222383  0.393258    0.402107  0.099403
2016  江苏 0.216038  0.294058     0.439153  0.037127 0.619088   0.473684 0.554506 0.519294 0.197483 0.431045    0.476471    0.459959  0.445176 0.249425  0.512443  0.500091  0.150562    0.220369  0.013347

【综合分析面板前10行】
  年份  省份  low_低空经济产业规模  low_航空运输业就业人员数  low_低空经济企业个数  low_低空交通起降基础设施数量  low_互联网宽带接入端口  low_民用通用机场数量  low_航空邮路总长度  low_民用机场旅客吞吐量  low_货邮吞吐量  low_移动电话基站密度  low_公共安全财政支出  low_科学研究和技术服务业城镇单位就业人员  low_规模以上工业企业R&D经费  low_高技术产业有效发明专利数  low_低空经济政策数量  low_score  green_道路网密度  green_万人公交车标台数  green_公交站点500m覆盖率  green_新能源充电桩数量  green_人均道路面积  green_绿色交通出行分担率  green_私家车拥有量  green_城市化率  green_人口密度  green_人均GDP  green_全年空气质量优良天数  green_可吸入颗粒物年均浓度  green_二氧化碳年排放量  green_高峰期平均车速  green_高峰拥堵延时指数  green_建成区绿化覆盖率  green_环保财政支出占比  green_道路运输财政支出占比  green_新能源车辆占有率  green_score
2016  上海      0.005848        0.624250      0.066667          0.038462       0.131600      0.071429     0.051738       0.781830   0.600424      0.405093      0.201759                0.311080           0.141323          0.047259      0.142857   0.225510     0.714151        0.505539           0.550265        0.024668      0.178209         0.708502      0.935542    0.958104    0.991143     0.579387          0.588235          0.523614        0.350857       0.147701        0.425339        0.222383        0.393258          0.402107        0.099403     0.421422
2016  云南      0.000846        0.176447      0.166667          0.500000       0.139366      0.785714     0.050940       0.011356   0.003393      0.011789      0.169886                0.125000           0.019712          0.002173      0.000000   0.081964     0.058491        0.059416           0.198413        0.005345      0.082770         0.283401      0.838529    0.010143    0.028230     0.165528          0.782353          0.714579        0.727599       0.497126        0.673077        0.066933        0.307865          0.540825        0.005269     0.159178
2016 内蒙古      0.000462        0.032485      0.400000          0.692308       0.092618      0.928571     0.052490       0.223248   0.107317      0.001318      0.117613                0.065341           0.035444          0.000000      0.000000   0.114553     0.067925        0.154079           0.111111        0.002056      0.537162         0.028340      0.883395    0.375744    0.003191     0.262987          0.435294          0.301848        0.808715       0.375862        0.735294        0.107745        0.382022          0.444249        0.001054     0.160619
2016  北京      0.007387        0.565037      0.333333          0.038462       0.150183      0.071429     0.163822       0.646441   0.416119      0.235047      0.217578                0.961648           0.072538          0.041810      0.142857   0.242444     0.717925        0.865055           0.550265        0.023435      0.366554         0.797571      0.856013    0.933848    0.339553     0.598079          0.323529          0.317248        0.699985       0.100000        0.257919        0.137675        0.422472          0.302019        0.070952     0.328964
2016  吉林      0.000462        0.045339      0.300000          0.153846       0.128146      0.142857     0.027023       0.271610   0.104560      0.011752      0.105109                0.089489           0.024588          0.001685      0.000000   0.074798     0.226415        0.265861           0.285714        0.002467      0.378378         0.105263      0.908065    0.275634    0.032901     0.190655          0.552941          0.444559        0.839670       0.231609        0.595023        0.073281        0.584270          0.382792        0.004566     0.176725
2016  四川      0.007387        0.272122      0.200000          0.461538       0.340215      0.785714     0.044306       0.226701   0.049205      0.014727      0.269236                0.281250           0.073245          0.047979      0.142857   0.132930     0.059434        0.099698           0.351852        0.009867      0.136824         0.380567      0.729153    0.146417    0.041273     0.189520          0.400000          0.333676        0.634926       0.237356        0.600679        0.171232        0.238202          0.399473        0.011240     0.144982
2016  天津      0.002001        0.064880      0.400000          0.000000       0.045603      0.000000     0.037287       0.092598   0.048568      0.125247      0.084855                0.144886           0.100350          0.018056      0.142857   0.087602     0.841509        0.709970           0.529101        0.003289      0.662162         0.388664      0.938684    0.855127    0.307443     0.367458          0.111765          0.110883        0.921047       0.248851        0.613122        0.049338        0.011236          0.137840        0.019319     0.268523
2016  宁夏      0.000077        0.020986      0.100000          0.076923       0.004431      0.142857     0.013192       0.043423   0.001697      0.010713      0.000000                0.004261           0.005027          0.000589      0.000000   0.020675     0.154717        0.310171           0.089947        0.000207      0.614865         0.016194      0.988351    0.267255    0.024657     0.189492          0.376471          0.159138        0.991564       0.573563        1.000000        0.034283        0.797753          0.751536        0.000351     0.205947
2016  安徽      0.006617        0.031740      0.133333          0.153846       0.223537      0.285714     0.012135       0.064875   0.015907      0.036254      0.116882                0.110795           0.106481          0.042067      0.142857   0.065951     0.252830        0.065458           0.330688        0.013156      0.279561         0.210526      0.833447    0.186770    0.107841     0.205045          0.552941          0.301848        0.745620       0.627011        0.704751        0.167604        0.296629          0.195786        0.009835     0.182253
2016  山东      0.003155        0.131786      0.233333          0.307692       0.435981      0.571429     0.086584       0.118588   0.037116      0.056078      0.336648                0.234375           0.411780          0.086952      0.142857   0.150158     0.298113        0.301108           0.396825        0.016446      0.518581         0.234818      0.438725    0.327894    0.159145     0.276324          0.011765          0.127310        0.459553       0.663793        0.595023        0.398331        0.161798          0.052678        0.005620     0.197822